$ 1 0.000005 10.20027730826997 50 5 50 5e-11
181 160 112 240 112 0 1139.8999972177933 0.5 6 0.04 0.04
r 240 112 368 112 0 100
a 240 160 368 160 8 15 -15 1000000 -1.5847871759643455 -1.5848336858982504 100000
w 240 112 240 144 0
w 368 112 368 160 0
c 160 176 208 176 4 0.000001 1.5848336858982504 0.001 0
r 160 224 208 224 0 1000
w 208 176 208 224 0
w 160 176 160 224 0
w 160 176 160 112 0
w 240 176 240 224 0
w 240 224 208 224 0
g 160 224 160 256 0 0
r 240 224 320 224 0 1000
c 320 224 368 224 4 0.000001 4.793355312773168 0.001 0
w 368 160 368 224 0
o 0 64 2 12547 0.0001 0.0001 0 1 51.94338051731002
o 15 8 0 4099 20 0.025 1 2 15 3
o 0 8 0 4099 10 0.2 2 2 0 3
